PeakPos,PeakPos,Weeks,danceability,energy,key,loudness,mode,speechiness,acousticness,instrumentalness,liveness,valence,tempo,duration_ms,time_signature
"(0, 5]",2.4388059701492537,33.04776119402985,0.6887582089552238,0.6523791044776125,5.074626865671642,-6.026119402985077,0.6179104477611941,0.1056522388059702,0.17146990149253732,0.005542306835820895,0.18223044776119396,0.5298761194029853,122.28634626865663,219241.25074626866,3.982089552238806
"(5, 10]",7.816901408450704,24.44600938967136,0.6662300469483567,0.6454084507042255,4.76056338028169,-6.369352112676058,0.6150234741784038,0.1270751173708921,0.17777646009389678,0.011293542582159621,0.1695920187793426,0.47611361502347443,121.31388262910798,219018.54929577466,4.0
"(10, 15]",12.826086956521738,19.621739130434783,0.680108695652173,0.6335882608695653,5.508695652173913,-6.3362565217391325,0.6173913043478261,0.12319086956521742,0.18130144782608698,0.005220687521739131,0.1850352173913043,0.4783552173913038,121.47197826086956,217518.1652173913,3.965217391304348
"(15, 20]",17.88995215311005,18.038277511961724,0.6533636363636365,0.6292775119617223,5.54066985645933,-6.244167464114829,0.631578947368421,0.11934832535885166,0.19771158851674644,0.0058510552631578965,0.16942966507177024,0.4443990430622008,122.4471435406699,217684.08612440192,3.971291866028708
"(20, 25]",22.86390532544379,15.272189349112425,0.6475207100591716,0.6569023668639051,5.846153846153846,-6.171153846153844,0.5976331360946746,0.11189940828402371,0.2084891952662722,0.0051409853846153845,0.18585147928994092,0.4787556213017754,121.36969822485217,211055.27810650886,3.9881656804733727
"(25, 30]",27.908629441624367,15.263959390862944,0.6466751269035533,0.6441269035532996,5.16243654822335,-6.450197969543151,0.6852791878172588,0.12609187817258877,0.194248461928934,0.005152880659898477,0.18556345177664985,0.47342284263959356,123.9008578680203,219071.28934010153,3.989847715736041
"(30, 35]",32.988571428571426,13.051428571428572,0.644154285714286,0.6677657142857144,5.565714285714286,-5.9308514285714296,0.6914285714285714,0.11202571428571427,0.1957344914285715,0.004945651599999998,0.18413657142857148,0.4734108571428571,124.41771999999999,211704.57142857142,3.9657142857142857
"(35, 40]",38.031413612565444,13.204188481675393,0.6595916230366495,0.6605916230366492,5.225130890052356,-5.9475078534031445,0.7120418848167539,0.11669109947643981,0.1819712094240837,0.01040648403141361,0.1930356020942409,0.4769005235602094,122.01004712041883,215260.52879581152,3.968586387434555
"(40, 45]",42.91244239631337,12.165898617511521,0.6449124423963136,0.6625529953917054,5.28110599078341,-6.265414746543778,0.663594470046083,0.11520506912442395,0.1942108248847928,0.005587688433179721,0.18175023041474653,0.4830612903225806,124.15552073732725,209478.4608294931,3.986175115207373
"(45, 50]",47.9800796812749,11.294820717131474,0.6481952191235056,0.6616984063745021,5.286852589641434,-5.99898406374502,0.6653386454183267,0.12165537848605584,0.18527648605577693,0.006061543386454185,0.16537529880478075,0.4874804780876493,124.87458565737046,208639.47011952192,3.9721115537848606
"(50, 55]",52.984962406015036,10.06015037593985,0.6385112781954893,0.6583270676691735,5.015037593984962,-6.347116541353377,0.6729323308270677,0.12307218045112785,0.18019878571428596,0.0018322560526315807,0.19367781954887212,0.46983383458646605,125.79722556390979,209705.1766917293,3.9849624060150375
"(55, 60]",57.88235294117647,8.081447963800905,0.6475429864253391,0.6572262443438912,5.117647058823529,-6.147638009049772,0.6199095022624435,0.12439276018099538,0.20673888687782804,0.006685620859728504,0.17942307692307694,0.4696108597285068,124.35382805429869,211044.58371040723,3.936651583710407
"(60, 65]",63.14671814671814,6.463320463320463,0.6565366795366798,0.6544791505791508,5.057915057915058,-6.317490347490346,0.5907335907335908,0.13968532818532817,0.21843864864864862,0.012524759536679534,0.1854162162162161,0.4943077220077218,123.67044015444007,207715.32046332047,3.969111969111969
"(65, 70]",67.9608695652174,5.547826086956522,0.6541999999999997,0.6418952173913045,4.6521739130434785,-6.459747826086962,0.6434782608695652,0.13565173913043493,0.19559714347826085,0.011668343565217386,0.1808108695652173,0.45109521739130426,124.80039565217395,211399.9391304348,3.9608695652173913
"(70, 75]",72.84978540772532,4.914163090128755,0.6739570815450641,0.6561716738197426,5.412017167381975,-6.226673819742493,0.5493562231759657,0.13502789699570822,0.17372459656652353,0.008444766309012877,0.19124935622317585,0.47667896995708164,119.38508154506437,214295.96566523606,3.982832618025751
"(75, 80]",78.16734693877551,3.742857142857143,0.6600448979591836,0.6571959183673471,5.012244897959183,-6.362036734693877,0.6448979591836734,0.1495620408163266,0.18773075469387776,0.005139299346938779,0.18025387755102049,0.4571387755102042,123.65195918367355,214268.6163265306,3.946938775510204
"(80, 85]",83.00862068965517,3.461206896551724,0.6673706896551723,0.6441155172413793,5.150862068965517,-6.391737068965512,0.6163793103448276,0.1421318965517241,0.18323929310344825,0.009771845043103449,0.1796379310344827,0.4648573275862071,123.9743060344828,213062.41379310345,3.9655172413793105
"(85, 90]",87.91941391941391,2.326007326007326,0.6369523809523807,0.6600901098901101,5.095238095238095,-6.180897435897437,0.5934065934065934,0.1342344322344322,0.19810585347985354,0.0031567727472527475,0.187492673992674,0.4604380952380955,125.07451648351652,210849.21245421245,3.9267399267399266
"(90, 95]",92.87711864406779,1.7415254237288136,0.640275423728814,0.6324322033898304,5.1525423728813555,-6.401927966101695,0.597457627118644,0.1377182203389831,0.22435799703389828,0.005615965889830507,0.166542372881356,0.46165550847457665,123.11786864406773,212231.83474576272,3.9788135593220337
"(95, 100]",98.19823788546256,1.2070484581497798,0.6495066079295153,0.6458061674008808,5.453744493392071,-6.383665198237884,0.5903083700440529,0.15122378854625548,0.19871194140969173,0.014104210572687225,0.19285418502202642,0.45976211453744475,121.12551982378854,211094.26872246695,3.9559471365638768
